Test MSE: 10.3476477523
R-sqruared Adj: 0.515418050226
**************
week,beat,prediction
21,0111,3.89859227595
21,0112,3.89859227595
21,0113,3.89859227595
21,0114,3.25516096554
21,0121,3.25516096554
21,0122,4.45381683778
21,0123,4.42319180949
21,0124,3.89859227595
21,0131,3.89859227595
21,0132,5.70538060165
21,0133,3.89859227595
21,0134,5.70538060165
21,0211,6.34284513949
21,0212,8.423827529
21,0213,5.70538060165
21,0214,5.28020111259
21,0215,3.33780191415
21,0221,5.70538060165
21,0222,5.70538060165
21,0223,5.70538060165
21,0224,5.70538060165
21,0225,3.33780191415
21,0231,5.44535732416
21,0232,8.423827529
21,0233,8.94522791533
21,0234,6.99500860502
21,0235,3.25516096554
21,0310,3.25516096554
21,0311,6.50227607248
21,0312,10.7748640691
21,0313,10.340744637
21,0314,5.70538060165
21,0321,11.47560092
21,0322,9.05838510151
21,0323,9.5116999617
21,0324,10.7748640691
21,0331,9.05838510151
21,0332,9.16692818769
21,0333,5.78223904939
21,0334,9.05838510151
21,0411,8.74075293273
21,0412,8.423827529
21,0413,8.53151412608
21,0414,10.7748640691
21,0421,11.7770019186
21,0422,9.16692818769
21,0423,11.7770019186
21,0424,10.6824996463
21,0430,3.25516096554
21,0431,9.05838510151
21,0432,8.53151412608
21,0433,5.70538060165
21,0434,5.44535732416
21,0511,11.1787203588
21,0512,11.47560092
21,0513,10.7748640691
21,0522,11.47560092
21,0523,10.6824996463
21,0524,10.6290945806
21,0531,9.05838510151
21,0532,8.94522791533
21,0533,11.47560092
21,0611,10.2843228066
21,0612,11.47560092
21,0613,9.05838510151
21,0614,8.53151412608
21,0621,11.47560092
21,0622,5.18945042471
21,0623,8.73598910868
21,0624,11.7770019186
21,0631,10.8316196808
21,0632,9.05838510151
21,0633,6.34284513949
21,0634,6.84843537287
21,0711,10.6290945806
21,0712,11.47560092
21,0713,11.47560092
21,0714,8.53151412608
21,0715,8.74075293273
21,0722,8.53151412608
21,0723,10.6824996463
21,0724,9.05838510151
21,0725,11.121964747
21,0726,9.16692818769
21,0731,8.74075293273
21,0732,9.05838510151
21,0733,10.6290945806
21,0734,8.53151412608
21,0735,10.6932914853
21,0811,5.18945042471
21,0812,5.28020111259
21,0813,8.16603382214
21,0814,6.84514922832
21,0815,5.70538060165
21,0821,4.8310266801
21,0822,8.08993926335
21,0823,10.8316196808
21,0824,8.94522791533
21,0825,10.7748640691
21,0831,10.6824996463
21,0832,10.7748640691
21,0833,5.78223904939
21,0834,8.423827529
21,0835,8.53151412608
21,0911,5.70538060165
21,0912,8.53151412608
21,0913,5.78223904939
21,0914,8.423827529
21,0915,8.53151412608
21,0921,4.58426635484
21,0922,5.70538060165
21,0923,5.44535732416
21,0924,7.83214555649
21,0925,4.90299127027
21,0931,6.34284513949
21,0932,8.85391011891
21,0933,7.5651862514
21,0934,9.05838510151
21,0935,8.423827529
21,1011,10.6824996463
21,1012,8.53151412608
21,1013,8.423827529
21,1014,8.53151412608
21,1021,9.10273128301
21,1022,9.16692818769
21,1023,5.70538060165
21,1024,8.423827529
21,1031,8.423827529
21,1032,5.28020111259
21,1033,6.51126096267
21,1034,8.423827529
21,1111,9.05838510151
21,1112,11.47560092
21,1113,8.423827529
21,1114,5.28020111259
21,1115,8.423827529
21,1121,10.6290945806
21,1122,10.6932914853
21,1123,8.94522791533
21,1124,8.16603382214
21,1125,4.90299127027
21,1131,5.70538060165
21,1132,9.05838510151
21,1133,10.6824996463
21,1134,7.43701190886
21,1135,8.53151412608
21,1211,7.69480561572
21,1212,3.89859227595
21,1213,4.60305245254
21,1214,3.25516096554
21,1215,3.25516096554
21,1221,3.25516096554
21,1222,5.28020111259
21,1223,7.44011734539
21,1224,4.27395619472
21,1225,3.33780191415
21,1231,8.423827529
21,1232,3.89859227595
21,1233,4.81224058239
21,1234,3.33780191415
21,1235,3.25516096554
21,1311,5.44535732416
21,1312,3.89859227595
21,1313,3.89859227595
21,1322,3.89859227595
21,1323,4.22584261022
21,1324,4.63422586288
21,1331,5.28020111259
21,1332,5.18945042471
21,1333,3.89859227595
21,1411,5.28020111259
21,1412,5.70538060165
21,1413,5.43984398524
21,1414,5.18945042471
21,1421,8.423827529
21,1422,9.05838510151
21,1423,8.94522791533
21,1424,5.28020111259
21,1431,5.18945042471
21,1432,3.89859227595
21,1433,5.18945042471
21,1434,5.28020111259
21,1511,9.05838510151
21,1512,8.423827529
21,1513,8.423827529
21,1522,11.47560092
21,1523,10.6290945806
21,1524,9.05838510151
21,1531,10.6290945806
21,1532,10.6290945806
21,1533,10.7748640691
21,1611,3.89859227595
21,1612,3.89859227595
21,1613,3.89859227595
21,1614,3.89859227595
21,1621,3.33780191415
21,1622,5.54573772899
21,1623,5.70538060165
21,1624,5.44535732416
21,1631,5.18945042471
21,1632,4.40440571178
21,1633,5.70538060165
21,1634,5.54573772899
21,1651,3.89859227595
21,1652,3.25516096554
21,1653,3.25516096554
21,1654,3.25516096554
21,1655,3.25516096554
21,1711,3.89859227595
21,1712,5.70538060165
21,1713,5.18945042471
21,1722,5.28020111259
21,1723,8.53151412608
21,1724,5.28020111259
21,1731,5.43984398524
21,1732,5.43984398524
21,1733,5.28020111259
21,1811,3.89859227595
21,1812,3.89859227595
21,1813,3.5475706484
21,1814,3.89859227595
21,1821,5.70538060165
21,1822,7.69480561572
21,1823,8.423827529
21,1824,5.54573772899
21,1831,5.94166998238
21,1832,5.18945042471
21,1833,4.27580211827
21,1834,5.44535732416
21,1911,3.89859227595
21,1912,3.89859227595
21,1913,5.06814748184
21,1914,3.5475706484
21,1915,3.25516096554
21,1921,3.25516096554
21,1922,3.89859227595
21,1923,5.18945042471
21,1924,5.28020111259
21,1925,3.33780191415
21,1931,3.89859227595
21,1932,3.89859227595
21,1933,3.89859227595
21,1934,3.25516096554
21,1935,3.25516096554
21,2011,5.28020111259
21,2012,3.89859227595
21,2013,3.89859227595
21,2022,4.22584261022
21,2023,3.89859227595
21,2024,5.28020111259
21,2031,3.89859227595
21,2032,3.89859227595
21,2033,4.27580211827
21,2111,3.89859227595
21,2112,3.89859227595
21,2113,5.18945042471
21,2122,5.18945042471
21,2123,6.54251755312
21,2124,5.18945042471
21,2131,3.89859227595
21,2132,5.18945042471
21,2133,3.33780191415
21,2211,5.28020111259
21,2212,8.423827529
21,2213,5.60500019681
21,2221,5.70538060165
21,2222,8.53151412608
21,2223,8.53151412608
21,2232,8.53151412608
21,2233,5.78223904939
21,2234,9.05838510151
21,2311,5.54573772899
21,2312,4.25701602057
21,2313,5.18945042471
21,2322,3.89859227595
21,2323,3.89859227595
21,2324,3.89859227595
21,2331,3.89859227595
21,2332,3.89859227595
21,2333,3.89859227595
21,2411,5.28020111259
21,2412,5.70538060165
21,2413,8.423827529
21,2422,8.74075293273
21,2423,5.28020111259
21,2424,5.70538060165
21,2431,5.43984398524
21,2432,5.70538060165
21,2433,5.70538060165
21,2511,5.18945042471
21,2512,8.423827529
21,2513,3.89859227595
21,2514,5.70538060165
21,2515,8.53151412608
21,2521,8.53151412608
21,2522,8.423827529
21,2523,5.78223904939
21,2524,5.78223904939
21,2525,5.70538060165
21,2531,8.423827529
21,2532,9.16692818769
21,2533,8.73598910868
21,2534,10.0098011827
21,2535,8.53151412608
