Test MSE: 59.4221968464
R-sqruared Adj: 0.515860574289
**************
week,beat,prediction
21,0111,22.758153958
21,0112,18.7912299512
21,0113,16.3179119615
21,0114,5.88050179282
21,0121,5.88050179282
21,0122,31.3747196649
21,0123,22.758153958
21,0124,15.6678184346
21,0131,22.758153958
21,0132,29.6069180472
21,0133,14.6855782229
21,0134,17.2237046369
21,0211,18.7912299512
21,0212,15.6678184346
21,0213,14.9488576298
21,0214,14.6855782229
21,0215,5.66948611601
21,0221,14.9488576298
21,0222,15.6678184346
21,0223,14.9488576298
21,0224,14.6855782229
21,0225,5.66948611601
21,0231,8.42274417588
21,0232,15.6678184346
21,0233,16.4689070371
21,0234,15.6678184346
21,0235,5.66948611601
21,0310,5.66948611601
21,0311,14.6855782229
21,0312,29.6069180472
21,0313,23.1775401728
21,0314,14.9488576298
21,0321,29.6069180472
21,0322,22.3065891046
21,0323,23.1775401728
21,0324,28.5507331545
21,0331,23.1775401728
21,0332,23.1775401728
21,0333,18.2354018009
21,0334,22.3065891046
21,0411,23.1775401728
21,0412,23.1775401728
21,0413,23.1775401728
21,0414,30.365483016
21,0421,31.3747196649
21,0422,22.3065891046
21,0423,31.3747196649
21,0424,23.1775401728
21,0430,5.66948611601
21,0431,22.758153958
21,0432,22.758153958
21,0433,15.6678184346
21,0434,14.6855782229
21,0511,31.3747196649
21,0512,29.6069180472
21,0513,23.1775401728
21,0522,29.6069180472
21,0523,24.304155237
21,0524,23.1775401728
21,0531,22.3065891046
21,0532,19.4413234781
21,0533,20.4480890371
21,0611,23.1775401728
21,0612,29.6069180472
21,0613,22.758153958
21,0614,22.3065891046
21,0621,29.6069180472
21,0622,15.6678184346
21,0623,29.6069180472
21,0624,31.3747196649
21,0631,29.6069180472
21,0632,29.6069180472
21,0633,15.3926829481
21,0634,22.758153958
21,0711,22.758153958
21,0712,28.5507331545
21,0713,29.6069180472
21,0714,15.6678184346
21,0715,15.6678184346
21,0722,14.9488576298
21,0723,22.758153958
21,0724,15.6678184346
21,0725,23.1775401728
21,0726,21.9260873963
21,0731,15.6678184346
21,0732,15.6678184346
21,0733,22.3065891046
21,0734,15.6678184346
21,0735,22.3065891046
21,0811,19.4413234781
21,0812,15.6678184346
21,0813,29.6069180472
21,0814,22.3065891046
21,0815,29.6069180472
21,0821,18.4296263141
21,0822,23.1775401728
21,0823,31.3747196649
21,0824,26.7118748094
21,0825,31.3747196649
21,0831,29.6069180472
21,0832,29.6069180472
21,0833,29.6069180472
21,0834,24.304155237
21,0835,27.9974786487
21,0911,21.330678103
21,0912,24.304155237
21,0913,22.3065891046
21,0914,23.1775401728
21,0915,22.3065891046
21,0921,14.6855782229
21,0922,19.4363918731
21,0923,15.6678184346
21,0924,22.3065891046
21,0925,14.9488576298
21,0931,15.6678184346
21,0932,16.9784441847
21,0933,14.9488576298
21,0934,22.3065891046
21,0935,18.4296263141
21,1011,29.6069180472
21,1012,20.8285907454
21,1013,18.4296263141
21,1014,17.0247351874
21,1021,22.3065891046
21,1022,22.3065891046
21,1023,15.3926829481
21,1024,22.3065891046
21,1031,22.3065891046
21,1032,14.6855782229
21,1033,15.6678184346
21,1034,21.2998235455
21,1111,23.1775401728
21,1112,31.3747196649
21,1113,23.1775401728
21,1114,15.3926829481
21,1115,22.3065891046
21,1121,29.6069180472
21,1122,29.6069180472
21,1123,22.3065891046
21,1124,22.3065891046
21,1125,14.6855782229
21,1131,21.9260873963
21,1132,23.1775401728
21,1133,23.1775401728
21,1134,22.3065891046
21,1135,22.758153958
21,1211,22.3065891046
21,1212,22.3065891046
21,1213,15.6678184346
21,1214,5.66948611601
21,1215,5.66948611601
21,1221,5.66948611601
21,1222,15.3926829481
21,1223,15.6678184346
21,1224,15.6678184346
21,1225,5.66948611601
21,1231,15.6678184346
21,1232,8.42274417588
21,1233,14.9488576298
21,1234,5.66948611601
21,1235,5.66948611601
21,1311,15.3926829481
21,1312,14.9488576298
21,1313,15.6678184346
21,1322,14.0271514697
21,1323,22.3065891046
21,1324,15.3926829481
21,1331,15.6678184346
21,1332,14.9488576298
21,1333,10.5539225867
21,1411,15.6678184346
21,1412,15.6678184346
21,1413,15.6678184346
21,1414,15.6678184346
21,1421,22.3065891046
21,1422,22.758153958
21,1423,22.3065891046
21,1424,22.758153958
21,1431,15.6678184346
21,1432,22.758153958
21,1433,23.1775401728
21,1434,23.1775401728
21,1511,22.3065891046
21,1512,18.1996156384
21,1513,15.6678184346
21,1522,31.3747196649
21,1523,27.2129081293
21,1524,23.1775401728
21,1531,30.365483016
21,1532,29.6069180472
21,1533,31.3747196649
21,1611,14.6855782229
21,1612,8.42274417588
21,1613,13.3988439443
21,1614,14.6855782229
21,1621,8.42274417588
21,1622,22.3065891046
21,1623,22.3065891046
21,1624,20.7928045829
21,1631,14.9488576298
21,1632,15.3926829481
21,1633,22.758153958
21,1634,20.4480890371
21,1651,18.4296263141
21,1652,5.66948611601
21,1653,5.66948611601
21,1654,5.66948611601
21,1655,5.66948611601
21,1711,15.6678184346
21,1712,22.758153958
21,1713,15.3926829481
21,1722,22.3065891046
21,1723,23.1775401728
21,1724,15.6678184346
21,1731,22.3065891046
21,1732,22.3065891046
21,1733,19.4413234781
21,1811,20.4172344796
21,1812,15.6678184346
21,1813,14.6855782229
21,1814,15.6678184346
21,1821,23.1775401728
21,1822,22.758153958
21,1823,22.758153958
21,1824,22.758153958
21,1831,29.6069180472
21,1832,22.3065891046
21,1833,27.7661626351
21,1834,31.3747196649
21,1911,14.6855782229
21,1912,15.3926829481
21,1913,19.8218251864
21,1914,5.88050179282
21,1915,5.66948611601
21,1921,5.66948611601
21,1922,14.9488576298
21,1923,22.758153958
21,1924,22.3065891046
21,1925,5.88050179282
21,1931,15.6678184346
21,1932,22.3065891046
21,1933,22.3065891046
21,1934,5.88050179282
21,1935,5.88050179282
21,2011,15.6678184346
21,2012,14.6855782229
21,2013,14.6855782229
21,2022,10.6792196378
21,2023,14.6855782229
21,2024,14.9488576298
21,2031,13.3988439443
21,2032,11.1836608323
21,2033,12.3768220316
21,2111,11.747083786
21,2112,11.747083786
21,2113,16.3179119615
21,2122,14.9488576298
21,2123,15.3926829481
21,2124,14.9488576298
21,2131,13.3716434304
21,2132,15.6678184346
21,2133,9.61590537514
21,2211,15.6678184346
21,2212,23.1775401728
21,2213,15.6678184346
21,2221,22.3065891046
21,2222,22.758153958
21,2223,22.758153958
21,2232,22.3065891046
21,2233,22.3065891046
21,2234,22.758153958
21,2311,15.6678184346
21,2312,13.6907568241
21,2313,13.7352385899
21,2322,11.7012415505
21,2323,12.7691056987
21,2324,14.6855782229
21,2331,15.2239931163
21,2332,14.6855782229
21,2333,14.9488576298
21,2411,22.3065891046
21,2412,22.3065891046
21,2413,23.1775401728
21,2422,23.1775401728
21,2423,15.6678184346
21,2424,16.2236465849
21,2431,14.9488576298
21,2432,22.3065891046
21,2433,22.758153958
21,2511,14.9488576298
21,2512,29.6069180472
21,2513,14.6855782229
21,2514,22.758153958
21,2515,22.758153958
21,2521,24.304155237
21,2522,22.3065891046
21,2523,20.7977361879
21,2524,15.6678184346
21,2525,15.3926829481
21,2531,22.3065891046
21,2532,23.1775401728
21,2533,31.3747196649
21,2534,29.6069180472
21,2535,26.9345030344
